rho
-0.351570
-0.423356
-0.401187
-0.296134
-0.384650
-0.126342
-0.128466
-0.156645
-0.036577
-0.375398
-0.557087
-0.340591
-0.151300
-0.260397
0.021763
-0.023667
0.005032
0.064107
-0.229027
-0.395349
-0.146437
-0.181833
0.127686
0.078155
0.108040
0.232023
-0.164202
-0.030536
0.346981
0.393131
0.240080
0.415613
0.426723
0.425893
-0.408320
0.711823
0.194189
0.214994
0.345852
0.149752
0.402761
0.187355
0.277205
0.263719
0.295316
0.032165
0.008525
0.119832
-0.314913
-0.097234
0.238390
-0.237218
0.416019
-0.598801
-0.531085
label
0 1 2 3 4 5 6 7 8 9 10 
nSV
30 32 29 23 35 35 35 28 33 36 33 
SV-No.1
5.000000
1.371727
0.000000
0.000000
1.087178
0.000000
0.000000
0.000000
0.000000
0.000000
-0.263700
-0.466919
-0.068205
0.771111
-0.010106
0.557382
-0.218367
0.228591
-0.494182
-0.436931
SV-No.2
3.973280
0.000000
0.000000
0.000000
0.000000
0.000000
0.000000
0.000000
0.000000
0.000000
-0.270258
-0.481096
-0.032308
0.730000
-0.037393
0.644641
-0.194558
0.233985
-0.441478
-0.436281
SV-No.3
0.000000
0.000000
0.000000
0.000000
0.000000
0.622110
0.560332
1.703042
0.000000
0.000000
-0.275878
-0.492439
-0.053333
0.777778
-0.023244
0.594689
-0.198639
0.256237
-0.358658
-0.454486
SV-No.4
0.000000
0.000000
0.925579
0.000000
0.000000
0.000000
0.000000
0.000000
0.000000
0.000000
-0.256674
-0.502520
-0.087692
0.759444
-0.023244
0.587733
-0.140136
0.250169
-0.290897
-0.455787
SV-No.5
0.000000
0.000000
0.000000
1.173930
0.277752
0.000000
0.000000
0.000000
2.875914
1.805770
-0.242155
-0.507246
-0.125641
0.731111
-0.013643
0.579513
-0.047619
0.204316
-0.232717
-0.509753
SV-No.6
1.096772
0.000000
0.416652
0.000000
0.677175
1.014086
0.000000
0.944116
0.000000
0.813574
-0.480562
-0.532766
0.487692
0.017778
0.572511
0.435346
0.496599
-0.103844
-0.432580
-0.342003
SV-No.7
0.000000
0.000000
0.000000
0.353676
0.000000
0.000000
0.776395
0.000000
0.575366
0.000000
-0.561593
-0.547574
0.648718
0.150556
0.549773
0.331015
0.529252
-0.078894
-0.462012
-0.333550
SV-No.8
0.552714
0.360702
0.000000
0.000000
0.000000
0.000000
0.000000
0.000000
0.000000
0.000000
-0.579859
-0.632010
0.810769
0.445000
0.421930
0.011065
0.153061
-0.258260
-0.814511
-0.198309
SV-No.9
0.000000
0.000000
0.000000
0.000000
0.329939
0.000000
0.000000
0.000000
0.000000
0.000000
-0.506792
-0.706364
0.736923
0.388333
0.357756
0.132469
0.314286
-0.349292
-0.936345
-0.231469
SV-No.10
1.753731
0.888374
0.469088
0.471284
0.463323
0.000000
0.000000
0.602293
0.636397
0.446061
0.832787
-0.691556
-0.972308
0.313333
-0.065690
0.952577
0.239456
0.488874
-0.969884
-0.273082
SV-No.11
0.000000
0.000000
0.000000
0.000000
0.000000
0.718183
0.000000
0.000000
0.000000
0.000000
0.788290
-0.694707
-0.898974
0.393889
-0.053562
1.000000
0.292517
0.407957
-0.937029
-0.399220
SV-No.12
0.000000
0.000000
0.000000
0.000000
0.000000
0.000000
0.703995
0.000000
0.000000
0.000000
0.871663
-0.689351
-0.967179
0.246111
-0.116726
0.961429
0.387755
0.773432
-0.826831
-0.351105
SV-No.13
4.937944
0.681646
1.007452
0.757203
0.918116
0.925466
0.607069
1.133163
0.000000
1.095376
0.715691
-0.724638
-0.575385
-0.081667
0.023749
0.516282
0.420408
0.713419
0.192334
-0.204161
SV-No.14
0.000000
0.000000
0.000000
0.000000
0.000000
0.000000
0.000000
0.000000
1.040972
0.000000
0.734895
-0.742596
-0.610769
-0.075000
0.033856
0.521973
0.423810
0.742414
0.186858
-0.204161
SV-No.15
0.000000
1.646286
0.000000
0.000000
0.000000
0.000000
0.000000
0.000000
0.000000
0.000000
0.586885
-0.780718
-0.557436
0.071667
0.101061
0.610496
0.409524
0.760620
0.025325
-0.236021
SV-No.16
1.747097
0.000000
0.000000
0.000000
0.000000
0.000000
0.000000
0.000000
0.000000
0.000000
0.476815
-0.790800
-0.492308
0.169444
0.111167
0.668037
0.471429
0.750506
-0.027378
-0.257477
SV-No.17
2.107456
0.000000
0.000000
0.000000
0.000000
0.000000
0.494319
0.000000
0.000000
0.000000
-0.040281
-0.956837
0.429231
0.582778
0.422436
0.568764
-0.258503
-0.477411
-0.251882
0.509103
SV-No.18
0.000000
0.000000
0.000000
0.000000
0.000000
0.551343
0.000000
0.000000
0.000000
0.000000
-0.147073
-0.899811
0.519487
0.642222
0.407276
0.479608
-0.396599
-0.535401
-0.097878
0.492848
SV-No.19
0.000000
0.777108
0.637282
0.630569
0.391285
0.000000
0.291044
0.700610
0.387312
0.450090
-0.288993
-0.777568
0.648205
0.469444
0.384032
0.478343
-0.501361
-0.642616
-0.132786
0.604681
SV-No.20
0.000000
0.000000
0.000000
0.873494
0.000000
0.000000
0.000000
0.000000
0.000000
0.000000
-0.115222
-0.694077
0.018974
0.317778
0.540172
0.148909
0.765986
-0.855698
-0.583162
0.165150
SV-No.21
0.000000
0.000000
0.312398
0.000000
0.000000
0.496395
0.527108
0.000000
0.831664
0.000000
-0.089930
-0.623503
-0.080000
0.206667
0.601819
0.283592
0.652381
-1.000000
-0.603012
0.221717
SV-No.22
0.000000
0.000000
0.000000
0.000000
0.666729
0.000000
0.000000
0.502824
0.000000
0.491547
-0.126932
-0.648708
0.063077
0.295000
0.566448
0.147012
0.677551
-0.944707
-0.763860
0.273082
SV-No.23
0.000000
0.692885
0.000000
0.000000
0.000000
0.000000
0.000000
0.000000
0.000000
0.000000
-0.242623
-0.641777
0.261026
0.348333
0.614957
-0.014227
0.518367
-0.790290
-0.876797
0.254226
SV-No.24
0.938346
0.000000
0.000000
0.000000
0.000000
0.000000
0.000000
0.000000
0.000000
0.000000
-0.330211
-0.602079
0.327692
0.402222
0.598282
-0.059753
0.463946
-0.857721
-0.766598
0.124837
SV-No.25
0.000000
0.000000
0.615107
0.000000
0.000000
0.000000
0.000000
0.000000
0.000000
0.000000
-0.366276
-0.562382
0.301026
0.432778
0.567458
-0.026873
0.443537
-0.931220
-0.698152
0.042913
SV-No.26
0.582313
0.000000
0.000000
0.000000
0.611449
0.000000
0.000000
0.000000
0.000000
0.000000
-0.061827
-0.790170
0.010769
0.392778
0.847398
0.204553
0.172109
-0.766689
-0.065708
0.053966
SV-No.27
0.000000
0.789274
0.000000
0.000000
0.000000
0.000000
0.000000
0.000000
0.000000
0.160942
-0.166276
-0.756144
0.089744
0.434444
0.878221
0.133101
0.155782
-0.703304
-0.145106
0.146944
SV-No.28
0.512854
0.000000
0.000000
0.000000
0.000000
0.000000
0.000000
0.000000
0.575788
0.000000
-0.754567
-0.470699
0.731282
0.596111
0.892370
0.174202
-0.036735
-0.396494
-0.106092
0.282835
SV-No.29
1.523275
0.954988
0.000000
0.000000
0.000000
0.335030
0.393413
0.655029
0.379853
0.000000
-0.928337
0.105860
0.983590
0.830000
-0.056089
-0.776794
-0.336735
-0.045179
0.060917
0.523407
SV-No.30
0.427362
0.609853
0.610163
0.843576
0.801885
1.467352
1.467102
0.544647
1.251898
0.771953
-0.950351
0.021424
0.860000
0.737778
-0.149065
-0.744546
-0.613605
-0.244774
0.481177
0.206762
SV-No.31
-5.000000
0.000000
0.373780
1.231469
1.096833
0.000000
0.000000
0.000000
0.730483
0.000000
-0.117564
-0.442344
-0.080513
0.541111
-0.059121
0.750869
-0.201361
0.215779
-0.321013
-0.224967
SV-No.32
-1.943345
0.000000
0.000000
0.000000
0.000000
0.000000
0.000000
0.000000
0.000000
0.000000
-0.075410
-0.461248
-0.165641
0.540000
-0.052047
0.739488
-0.223129
0.378287
-0.425736
-0.120286
SV-No.33
-0.000000
0.000000
0.000000
0.000000
0.000000
0.000000
0.000000
0.000000
0.000000
1.362203
-0.041686
-0.470069
-0.222564
0.453333
-0.075796
0.743282
-0.100680
0.359407
-0.232717
-0.184005
SV-No.34
-0.000000
0.000000
0.000000
0.000000
0.000000
0.869202
0.509950
0.000000
1.606354
0.471464
0.006557
-0.488028
-0.273846
0.372222
-0.104598
0.786911
-0.097279
0.408631
-0.140999
-0.102081
SV-No.35
-0.000000
2.118093
1.138210
0.000000
0.000000
0.000000
0.000000
0.000000
0.000000
0.000000
0.014051
-0.476686
-0.322051
0.305000
-0.120263
0.779323
-0.080952
0.418746
-0.165640
-0.036411
SV-No.36
-0.000000
0.000000
0.000000
0.327314
0.000000
0.000000
0.000000
3.591711
0.000000
0.000000
-0.044496
-0.444234
-0.303077
0.288889
-0.121273
0.802087
-0.098640
0.348618
-0.273101
-0.029259
SV-No.37
-0.573107
0.875374
1.159022
0.000000
0.000000
1.034038
0.936576
0.993931
1.033174
0.000000
0.798126
-0.608066
-0.238974
-0.432778
-0.163214
0.250079
0.490476
0.426837
0.485969
0.120286
SV-No.38
-0.000000
0.000000
0.000000
0.000000
1.292310
0.000000
0.000000
0.000000
0.000000
1.352951
0.664637
-0.580970
-0.260000
-0.395000
-0.084891
0.363895
0.479592
0.411328
0.308008
-0.011053
SV-No.39
-0.951825
0.000000
0.000000
0.000000
0.000000
0.000000
0.000000
0.000000
0.000000
0.000000
0.571429
-0.578765
-0.243077
-0.349444
-0.002021
0.452419
0.434694
0.394471
0.209446
-0.109233
SV-No.40
-1.418758
0.000000
0.000000
0.000000
0.000000
0.000000
0.000000
0.000000
0.000000
0.367367
0.297424
-0.538437
-0.142051
-0.075556
0.282466
0.563073
0.314286
0.385030
0.100616
-0.274382
SV-No.41
-0.497379
0.000000
0.000000
0.000000
0.000000
0.000000
0.000000
0.000000
0.000000
0.000000
0.936300
-0.437618
-0.753333
-0.047778
-0.220313
0.769206
0.106122
0.819960
-0.353867
0.074772
SV-No.42
-0.000000
0.000000
0.000000
0.566890
0.000000
0.575047
0.538937
0.680415
0.598527
0.557998
1.000000
-0.428796
-0.760513
-0.042778
-0.268317
0.728106
0.064626
0.886042
-0.328542
0.164499
SV-No.43
-0.000000
3.878382
0.726564
0.000000
0.593622
0.000000
0.000000
0.000000
0.000000
0.000000
0.990632
-0.436673
-0.725128
-0.015000
-0.268823
0.726842
0.077551
0.909643
-0.327173
0.153446
SV-No.44
-3.019476
1.121618
0.000000
0.000000
0.000000
0.000000
0.000000
0.000000
0.000000
0.000000
0.785012
-0.499055
-0.695897
0.243889
-0.047499
0.817262
0.047619
0.995954
-0.248460
0.035761
SV-No.45
-0.000000
5.000000
0.000000
0.000000
0.000000
0.000000
0.000000
0.000000
0.000000
0.000000
0.684778
-0.508192
-0.337436
-0.357222
-0.055078
0.319633
0.236735
0.477411
0.232717
-0.182705
SV-No.46
-0.000000
0.000000
0.000000
1.301987
0.000000
0.000000
0.000000
0.000000
0.000000
0.000000
0.773302
-0.517958
-0.304103
-0.375000
-0.124305
0.320898
0.253741
0.474039
0.290212
-0.153446
SV-No.47
-2.404457
0.000000
0.000000
0.000000
0.000000
0.000000
0.000000
0.000000
0.000000
0.000000
0.720843
-0.585066
-0.301538
-0.335556
-0.116220
0.328486
0.270068
0.458530
0.304586
-0.163199
SV-No.48
-0.000000
0.000000
0.000000
0.000000
0.000000
0.909099
0.000000
0.000000
0.762882
0.000000
-0.024356
-0.510397
0.765128
0.485000
0.455280
-0.195068
-0.526531
-0.476736
-0.219713
0.092328
SV-No.49
-2.107456
0.000000
0.621217
0.474147
0.714482
0.000000
0.805515
0.538084
0.000000
0.569372
0.012646
-0.572149
0.778462
0.445556
0.459323
-0.158394
-0.440136
-0.442347
-0.284736
-0.004551
SV-No.50
-0.000000
4.274939
0.000000
0.000000
0.000000
0.000000
0.000000
0.000000
0.000000
0.000000
-0.218735
-0.402016
0.621026
0.567778
0.404750
-0.752766
-0.500680
-0.300742
-0.340862
0.367360
SV-No.51
-0.266811
1.722337
0.000000
0.000000
0.000000
0.000000
0.000000
0.304012
0.384385
0.333913
-0.359719
-0.265911
0.177949
0.718889
0.386559
0.315839
-0.506122
-0.469319
-0.668036
0.141743
SV-No.52
-1.520660
0.000000
0.000000
0.000000
0.000000
0.000000
0.000000
0.000000
0.000000
0.000000
-0.253864
-0.310019
0.070256
0.766667
0.411319
0.499210
-0.219048
-0.358732
-0.771389
0.021456
SV-No.53
-0.000000
0.000000
0.000000
0.000000
0.000000
0.645774
0.534396
0.000000
0.000000
0.000000
-0.207026
-0.373031
0.088205
0.776111
0.369884
0.589630
-0.028571
-0.138908
-0.923340
0.093628
SV-No.54
-0.000000
0.739105
0.000000
0.000000
0.000000
0.000000
0.000000
0.000000
0.000000
0.000000
-0.148946
-0.423125
-0.018461
0.729444
0.382011
0.568132
0.119728
0.006743
-0.927447
-0.053966
SV-No.55
-2.986381
0.000000
0.000000
0.000000
0.450775
0.000000
0.000000
0.000000
0.722170
0.000000
-0.153630
-0.439193
-0.027692
0.686667
0.408287
0.449257
0.091837
0.128793
-0.918549
-0.202211
SV-No.56
-0.000000
1.007970
0.000000
0.000000
1.468771
0.000000
0.340797
0.000000
0.000000
0.000000
0.237471
-0.633270
-0.155897
0.189444
0.636685
0.136263
-0.005442
-0.028321
-0.507187
0.296489
SV-No.57
-0.000000
0.000000
1.251077
0.000000
0.000000
0.000000
0.000000
0.000000
0.000000
0.000000
0.195316
-0.630435
-0.076923
0.170000
0.621021
0.189377
-0.055782
-0.004046
-0.530459
0.304941
SV-No.58
-0.348698
4.598448
0.000000
0.792830
0.383798
0.362345
0.000000
0.904182
0.500471
0.997035
-0.009368
-0.566163
0.043590
0.271111
0.613946
-0.157129
-0.155782
-0.173297
-0.561944
0.554616
SV-No.59
-1.601939
0.000000
0.000000
0.000000
0.000000
0.000000
0.000000
0.000000
0.000000
0.000000
-0.616862
0.074669
0.567692
0.558889
0.222840
-1.000000
-0.611565
-0.438975
-0.085558
0.862159
SV-No.60
-0.000000
1.278631
0.000000
0.000000
0.000000
0.000000
0.000000
0.000000
0.000000
0.000000
-0.617799
-0.011342
0.533333
0.737222
0.196564
-0.987986
-0.411565
-0.591369
-0.203285
1.000000
SV-No.61
-0.512854
0.000000
0.000000
0.000000
0.000000
0.000000
0.000000
0.000000
0.000000
0.000000
-0.580796
-0.154694
0.501538
0.793333
0.327438
-0.861524
-0.385034
-0.546864
-0.355236
0.868010
SV-No.62
-0.000000
4.465853
0.843903
0.756227
0.800499
1.186491
1.132133
1.156933
1.173619
1.057154
-0.687588
-0.071834
0.605128
0.494444
0.329459
-0.979134
-0.436735
-0.282535
-0.269678
0.780234
SV-No.63
-0.000000
-0.000000
0.000000
0.000000
0.000000
0.000000
0.000000
0.000000
0.971494
0.000000
0.447775
-0.316950
-0.532821
-0.135556
-0.282466
0.514385
-0.348299
0.327714
-0.449692
0.060468
SV-No.64
-0.000000
-1.278631
0.000000
0.519501
0.000000
0.483529
0.337859
0.000000
0.000000
0.000000
0.440749
-0.298047
-0.561538
-0.150000
-0.280950
0.540310
-0.381633
0.352664
-0.514031
0.074772
SV-No.65
-0.000000
-0.000000
0.895599
0.346116
0.000000
0.000000
0.000000
0.000000
0.000000
0.000000
0.384543
-0.314430
-0.608205
0.035000
-0.189995
0.447360
-0.372109
0.385030
-0.501711
0.015605
SV-No.66
-0.000000
-0.000000
0.000000
0.000000
0.490981
0.000000
0.000000
0.931180
0.000000
1.292862
0.362529
-0.330813
-0.568718
0.035556
-0.171804
0.471388
-0.374150
0.424140
-0.503080
0.040312
SV-No.67
-0.000000
-0.000000
0.000000
0.000000
0.000000
0.000000
0.000000
0.000000
0.000000
0.311243
0.590164
-0.454316
-0.210256
-0.406667
0.117736
0.002845
0.143537
0.183412
-0.060233
-0.080624
SV-No.68
-0.000000
-0.000000
1.041332
0.000000
2.922563
0.000000
0.000000
0.000000
0.000000
0.000000
0.529742
-0.487713
-0.264615
-0.343889
0.014149
0.114764
0.105442
0.215105
-0.086927
-0.067620
SV-No.69
-1.156651
-5.000000
1.222752
0.617538
0.000000
0.951804
0.395834
0.553069
0.322274
1.745309
0.657611
-0.495274
-0.151795
-0.537778
-0.108641
0.059753
0.168027
0.331760
0.019165
0.021456
SV-No.70
-1.371727
-0.000000
0.000000
0.000000
0.882014
0.000000
0.000000
0.000000
0.000000
0.000000
0.612646
-0.350977
-0.477436
0.381111
-0.100556
0.606070
-0.070748
0.597438
-0.368925
0.053316
SV-No.71
-0.000000
-0.000000
1.286123
0.000000
0.000000
0.000000
0.000000
0.000000
0.000000
0.000000
0.816862
-0.331443
-0.578462
0.321667
-0.159171
0.490990
-0.062585
0.614295
-0.266256
0.059818
SV-No.72
-0.000000
-0.000000
0.700695
0.000000
0.000000
0.000000
0.000000
0.000000
0.000000
0.000000
0.869321
-0.336799
-0.583077
0.305000
-0.139970
0.453683
0.002721
0.637222
-0.184805
0.131339
SV-No.73
-0.000000
-5.000000
0.000000
0.000000
0.000000
0.000000
0.752453
0.000000
0.000000
0.000000
0.841218
-0.347196
-0.569231
0.320556
-0.136433
0.546001
0.024490
0.697235
-0.151951
0.120936
SV-No.74
-1.266743
-1.353146
0.000000
0.761281
0.000000
0.789017
0.000000
0.968819
0.629942
0.689862
0.740984
-0.389729
-0.534872
0.444444
-0.052552
0.652229
-0.003401
0.673635
-0.175907
0.150845
SV-No.75
-0.681646
-0.000000
3.909725
0.877570
1.145918
0.860448
0.521916
0.779010
0.975826
1.095646
0.555035
-0.287335
-0.268205
-0.151111
0.372916
-0.305090
0.298639
0.134862
-0.153320
-0.333550
SV-No.76
-0.000000
-1.390664
0.000000
0.330169
0.000000
0.000000
0.000000
0.000000
0.000000
0.000000
0.591101
-0.307813
-0.202051
-0.150556
0.289540
-0.121088
0.206803
0.159137
-0.021903
-0.380364
SV-No.77
-0.000000
-0.000000
0.000000
0.000000
0.000000
0.000000
0.000000
0.000000
0.000000
0.579060
0.535363
-0.369250
-0.245128
-0.067222
0.175341
0.021815
0.176190
0.347943
-0.201232
-0.294538
SV-No.78
-0.000000
-0.796897
0.000000
0.000000
0.000000
0.000000
0.000000
0.000000
0.000000
0.000000
0.185012
-0.431317
0.404615
0.471111
0.311774
-0.685741
-0.397959
-0.409305
-0.064340
0.360208
SV-No.79
-1.279168
-0.000000
0.000000
0.719978
0.417544
1.541357
0.872041
0.849784
0.625944
0.000000
-0.081030
-0.270321
0.577436
0.565000
0.086407
-0.990515
-0.349660
-0.107215
0.150582
0.303641
SV-No.80
-0.000000
-2.736585
0.000000
0.000000
0.000000
0.000000
0.000000
0.000000
0.000000
0.000000
-0.101639
-0.305608
0.543077
0.605000
0.200606
-0.889346
-0.391837
-0.191504
0.013689
0.221066
SV-No.81
-0.128031
-0.000000
0.000000
0.000000
0.000000
0.000000
0.000000
0.000000
0.000000
0.000000
0.179391
-0.355703
-0.170769
0.527778
0.234967
0.113500
-0.177551
-0.242077
-0.536619
0.351756
SV-No.82
-0.000000
-5.000000
0.000000
0.000000
0.000000
0.000000
0.000000
0.000000
0.000000
0.000000
-0.007026
-0.304033
-0.018974
0.538333
0.284992
0.011698
-0.280952
-0.225219
-0.782341
0.544863
SV-No.83
-1.639801
-0.938091
0.429250
0.439844
1.731424
0.622274
0.506598
0.630427
0.741697
1.342596
0.058080
-0.353812
-0.104103
0.511111
0.289035
0.067973
-0.171429
-0.183412
-0.892539
0.492848
SV-No.84
-0.000000
-0.000000
1.843988
0.000000
0.000000
0.000000
0.000000
0.000000
0.000000
0.000000
0.405621
-0.390359
-0.022564
0.415556
0.195048
-0.424597
-0.379592
-0.374916
-0.119097
0.454486
SV-No.85
-0.000000
-0.000000
0.923408
0.000000
1.016083
0.000000
0.000000
0.495888
0.000000
0.000000
0.242623
-0.360744
-0.063077
0.541667
0.093987
-0.478343
-0.255782
-0.486177
0.061602
0.364109
SV-No.86
-0.000000
-0.000000
0.000000
1.043125
0.000000
0.519251
0.273180
0.000000
0.389207
0.862059
0.263232
-0.422810
-0.123077
0.504444
0.088428
-0.315207
-0.285714
-0.568442
0.084873
0.405072
SV-No.87
-0.000000
-0.000000
0.000000
0.000000
0.519505
0.000000
0.000000
0.000000
0.000000
0.000000
0.292272
-0.510712
-0.137436
0.416667
0.195553
-0.360101
-0.025170
-0.635199
-0.124572
0.567620
SV-No.88
-0.000000
-5.000000
0.000000
0.000000
0.000000
0.000000
0.000000
0.000000
0.000000
0.000000
-0.459953
-0.260870
0.355897
0.413889
0.269328
-0.905786
-0.351020
-0.252866
-0.101300
0.857607
SV-No.89
-0.000000
-1.082684
0.000000
0.000000
0.000000
0.000000
0.000000
0.000000
0.000000
0.000000
-0.502576
-0.242911
0.271282
0.457778
0.271854
-0.771103
-0.226531
-0.359407
-0.131417
0.668401
SV-No.90
-0.888374
-0.000000
0.000000
0.000000
0.000000
0.000000
0.000000
0.000000
0.000000
0.000000
-0.580796
-0.197858
0.230769
0.496667
0.138454
-0.552324
-0.148980
-0.440324
-0.097194
0.541612
SV-No.91
-0.360702
-1.504052
1.350915
0.497783
1.374691
0.694909
0.856342
1.455896
1.374813
2.026202
-0.632319
-0.230939
0.279487
0.513333
0.170288
-0.659184
-0.038775
-0.292650
-0.185489
0.537061
SV-No.92
-0.000000
-0.000000
-0.000000
4.651937
0.000000
0.000000
0.000000
0.954965
0.000000
1.993717
0.369555
-0.028670
-0.492821
0.345000
-0.457302
0.198862
-0.340136
0.030344
0.041752
-0.424577
SV-No.93
-0.000000
-0.000000
-0.000000
3.969059
0.000000
1.378604
0.000000
0.000000
0.000000
0.000000
0.361593
-0.036547
-0.496923
0.327778
-0.410814
0.038255
-0.154422
-0.129467
0.185489
-0.401821
SV-No.94
-0.000000
-0.000000
-0.000000
0.000000
0.507247
0.000000
0.000000
0.000000
0.000000
0.000000
0.357845
-0.048519
-0.498974
0.348889
-0.425467
0.123617
-0.286395
0.012138
0.126626
-0.458388
SV-No.95
-0.637282
-1.251077
-0.700695
0.000000
0.000000
0.000000
0.855418
0.000000
1.010092
0.288798
0.363934
-0.016383
-0.593846
0.374444
-0.360283
0.190642
-0.367347
0.082940
-0.069131
-0.401170
SV-No.96
-0.000000
-0.000000
-3.122948
0.000000
0.000000
0.000000
0.000000
0.000000
0.000000
0.000000
0.514286
-0.112791
-0.487179
-0.270556
0.062153
-0.269048
0.002721
-0.062711
0.054073
-0.155397
SV-No.97
-0.000000
-1.159022
-2.660493
1.624389
5.000000
0.000000
0.000000
0.000000
0.000000
0.000000
0.627166
-0.034972
-0.261026
0.377778
-0.316827
0.186848
0.028571
0.495617
-0.205339
0.096879
SV-No.98
-0.000000
-0.000000
-0.000000
0.000000
0.000000
0.000000
0.000000
0.000000
0.000000
2.126789
0.656674
-0.059546
-0.257949
0.413889
-0.364325
0.183686
-0.061225
0.509777
-0.143053
0.105332
SV-No.99
-1.031759
-0.000000
-0.000000
0.000000
1.115434
0.918741
0.390396
1.598264
0.424678
0.000000
0.705386
-0.077190
-0.257949
0.427222
-0.391612
0.136263
-0.111565
0.515846
-0.082820
0.134590
SV-No.100
-0.000000
-0.000000
-0.000000
0.000000
5.000000
0.000000
0.000000
0.000000
0.000000
0.000000
0.737705
-0.091052
-0.238974
0.425000
-0.371400
0.098324
-0.069388
0.453136
0.000684
0.198960
SV-No.101
-0.000000
-0.000000
-0.923408
0.000000
0.000000
0.000000
0.000000
0.000000
0.000000
0.000000
0.732553
-0.128544
-0.264615
0.483889
-0.334007
0.123617
-0.037415
0.416049
-0.036961
0.186606
SV-No.102
-0.000000
-0.000000
-0.000000
2.368891
3.055592
0.000000
0.000000
0.000000
0.000000
0.000000
0.489930
-0.042848
0.077436
-0.355556
0.165740
-0.397408
0.110884
-0.209710
0.149897
-0.266580
SV-No.103
-1.007452
-0.000000
-1.309798
0.000000
0.000000
1.209405
1.079972
1.267749
0.000000
1.162097
0.462295
-0.064587
0.004615
-0.346111
0.269328
-0.558015
0.068027
-0.080243
0.126626
-0.391417
SV-No.104
-0.000000
-0.621217
-0.000000
0.000000
0.000000
0.000000
0.000000
0.000000
1.147774
0.000000
0.479625
-0.131380
0.025128
-0.194444
0.008590
-0.298767
-0.030612
-0.171274
0.314168
-0.427828
SV-No.105
-0.000000
-0.000000
-0.000000
0.000000
5.000000
0.000000
0.000000
0.000000
0.000000
3.985684
0.468384
-0.153434
-0.024103
-0.111667
-0.102072
-0.143851
-0.230612
0.082940
0.122519
-0.378414
SV-No.106
-0.547250
-1.138210
-1.286123
0.000000
0.000000
0.000000
0.000000
0.419401
0.551490
0.671669
0.686183
-0.336799
0.246667
-0.243889
0.052552
-0.738856
0.242177
-0.190155
-0.329227
0.236021
SV-No.107
-0.000000
-0.000000
-0.000000
0.000000
2.983102
0.000000
0.000000
0.000000
0.000000
0.000000
0.152693
-0.133900
-0.159487
-0.015000
-0.064174
-0.458742
0.043537
-0.655428
-0.095140
0.200910
SV-No.108
-0.532000
-0.000000
-1.843988
1.247205
3.094532
0.000000
0.000000
0.000000
0.000000
1.426687
0.033255
-0.134846
-0.091795
0.080000
-0.123295
-0.437243
0.008844
-0.590695
-0.094456
0.191808
SV-No.109
-0.000000
-0.000000
-0.000000
0.000000
1.367829
1.047641
0.639380
0.000000
0.000000
1.601724
0.557845
0.098929
-0.069744
-0.135556
-0.000000
-0.724312
0.217007
-0.194201
-0.494182
0.251625
SV-No.110
-0.000000
-0.000000
-0.000000
0.000000
0.622877
0.000000
0.000000
0.000000
0.000000
0.000000
-0.195785
-0.218336
-0.035897
-0.082778
-0.142496
-0.388555
0.206122
0.239380
-0.301848
0.533160
SV-No.111
-0.000000
-1.217684
-1.756333
0.410101
4.052313
1.358059
0.492060
1.296583
0.000000
1.189911
-0.270726
-0.213611
-0.018974
-0.079444
-0.076301
-0.371483
0.150340
0.244774
-0.292950
0.493498
SV-No.112
-0.312398
-0.000000
-0.000000
0.000000
0.000000
0.000000
0.000000
0.375257
0.881595
4.155335
-0.259953
-0.222117
-0.093333
-0.145000
0.041940
-0.251344
0.004082
0.246123
-0.302533
0.616385
SV-No.113
-0.000000
-0.000000
-0.000000
0.000000
3.150687
0.000000
0.000000
0.000000
0.000000
0.000000
-0.255738
-0.248582
-0.223077
0.004444
-0.128348
-0.138160
0.229932
0.123399
-0.386037
0.705462
SV-No.114
-0.925579
-0.726564
-0.000000
3.002177
5.000000
0.983137
0.806916
1.677034
1.909895
0.521859
-0.255738
-0.287335
-0.292821
0.163333
-0.275392
0.005375
0.346259
-0.016183
-0.209446
0.572172
SV-No.115
-0.000000
-0.000000
-0.000000
-0.000000
5.000000
0.000000
0.000000
1.130004
0.000000
0.000000
0.223888
0.011972
-0.158462
0.372778
-0.750379
0.011698
0.313605
-0.229265
0.293634
-0.165150
SV-No.116
-0.000000
-0.000000
-0.000000
-0.000000
5.000000
0.809991
0.000000
0.000000
0.000000
0.000000
0.251054
0.076875
-0.249744
0.301111
-0.717029
0.176099
0.173469
-0.159811
0.315537
-0.319246
SV-No.117
-0.000000
-1.301987
-0.000000
-5.000000
0.000000
0.000000
0.000000
0.000000
0.000000
1.547501
0.164871
0.052615
-0.310256
0.295556
-0.509853
0.268416
-0.142177
-0.012138
0.098563
-0.329649
SV-No.118
-0.000000
-0.000000
-0.000000
-4.898890
5.000000
0.000000
0.000000
0.000000
0.000000
0.000000
0.077283
0.008822
-0.304615
0.282222
-0.385548
0.231110
-0.095918
-0.159811
0.084189
-0.258127
SV-No.119
-1.582163
-0.474147
-1.631037
-0.000000
0.528995
0.860378
0.566797
1.721211
2.255451
5.000000
-0.030445
-0.008507
-0.304615
0.305556
-0.308742
0.302561
-0.195238
-0.117330
-0.045175
-0.276983
SV-No.120
-0.000000
-0.000000
-0.000000
-0.543022
5.000000
0.000000
0.961007
0.000000
0.000000
0.000000
0.197658
0.154379
0.271282
-0.178333
-0.462355
-0.279165
-0.025850
0.061362
0.438056
-0.156047
SV-No.121
-0.000000
-0.000000
-0.000000
-0.000000
2.684838
0.000000
0.000000
1.708381
0.000000
2.904515
0.190164
0.250788
0.156923
-0.232778
-0.437595
-0.164085
-0.047619
0.173972
0.299110
-0.221066
SV-No.122
-0.000000
-0.000000
-0.000000
-0.000000
0.000000
0.325211
0.000000
0.000000
0.000000
0.000000
0.153630
0.414934
-0.225128
-0.335556
-0.325417
0.016124
0.023810
0.022252
0.133470
-0.444083
SV-No.123
-0.000000
-0.000000
-0.000000
-0.547976
0.000000
3.210904
0.529186
0.000000
0.420584
0.000000
0.134895
0.407687
-0.310256
-0.391111
-0.218292
-0.245653
0.236735
-0.072825
0.178645
-0.465540
SV-No.124
-0.000000
-0.000000
-0.000000
-0.000000
5.000000
1.703251
0.000000
0.000000
0.000000
0.000000
0.301639
0.071204
0.163590
0.572778
-0.515917
-0.212140
-0.221769
0.766015
0.058179
0.238622
SV-No.125
-0.000000
-0.000000
-0.000000
-0.000000
3.152269
5.000000
0.000000
1.959682
0.000000
0.000000
0.359719
0.038752
0.171282
0.612222
-0.543204
-0.231742
-0.281633
0.817937
0.073238
0.353706
SV-No.126
-0.000000
-0.000000
-0.000000
-0.000000
0.000000
5.000000
1.387146
0.000000
0.000000
1.380624
0.421546
0.016383
0.201538
0.704444
-0.495200
-0.294341
-0.402041
0.779501
0.109514
0.420676
SV-No.127
-0.000000
-0.000000
-0.000000
-0.000000
0.000000
2.466148
0.000000
0.000000
0.921947
0.000000
0.407963
-0.030246
0.173333
0.767778
-0.475493
-0.274107
-0.376871
0.712744
0.197810
0.356307
SV-No.128
-0.873494
-0.792830
-1.043125
-1.624389
1.232004
0.000000
0.000000
0.665049
0.000000
0.000000
0.375644
-0.077820
0.159487
0.814444
-0.415867
-0.264622
-0.365986
0.627782
0.186858
0.281534
SV-No.129
-0.000000
-0.000000
-0.955520
-0.000000
2.969871
1.508330
0.000000
0.000000
0.000000
0.000000
0.246370
0.229679
0.318462
-0.305556
-0.370894
-0.412583
-0.083673
0.519892
0.125941
-0.290637
SV-No.130
-0.000000
-0.000000
-0.000000
-0.000000
0.000000
0.000000
0.000000
0.000000
0.252100
0.000000
0.242155
0.126024
0.484615
-0.217778
-0.469429
-0.392349
-0.127211
0.529332
0.151951
-0.213264
SV-No.131
-0.779250
-0.000000
-0.439844
-0.000000
2.336315
0.000000
0.000000
0.000000
0.000000
0.976967
0.281499
-0.126654
0.718462
0.003333
-0.516422
-0.619349
-0.218367
0.428186
0.213552
0.129389
SV-No.132
-0.000000
-0.726992
-0.000000
-0.410101
0.000000
2.802797
0.622223
0.999719
0.693883
0.000000
0.244496
-0.115942
0.691795
-0.013333
-0.535624
-0.693961
-0.125850
0.474713
0.138261
0.146944
SV-No.133
-0.000000
-0.356549
-0.000000
-1.247205
4.910591
0.000000
0.000000
0.000000
0.000000
0.000000
0.148946
0.052615
0.116410
-0.518889
-0.272360
-0.413848
0.644898
-0.012138
-0.206708
0.031860
SV-No.134
-0.000000
-0.000000
-0.000000
-0.000000
1.417864
0.000000
0.000000
0.000000
0.000000
0.000000
0.100703
0.060176
0.064615
-0.460556
-0.250126
-0.270945
0.601361
-0.057991
-0.225188
-0.071521
SV-No.135
-0.000000
-0.000000
-0.000000
-0.000000
0.000000
0.000000
0.000000
0.000000
0.000000
1.873737
0.069789
0.095148
0.002564
-0.487222
-0.187468
-0.101486
0.598639
-0.217802
-0.221081
-0.134590
SV-No.136
-0.000000
-0.000000
-0.519501
-0.000000
1.974902
0.000000
0.000000
0.000000
0.000000
0.000000
0.042155
0.054190
0.115897
-0.263333
-0.368873
-0.187480
0.668707
-0.072825
-0.515400
0.021456
SV-No.137
-0.000000
-0.000000
-0.000000
-0.000000
0.000000
1.413136
0.000000
0.507579
0.000000
0.991140
0.062763
0.060176
0.094359
-0.419444
-0.233451
-0.217831
0.633333
0.000674
-0.418891
-0.060468
SV-No.138
-0.000000
-0.000000
-0.000000
-0.000000
1.847731
0.000000
0.000000
0.000000
0.000000
0.000000
0.090866
0.083491
-0.026667
-0.121111
-0.513896
-0.462536
0.434014
0.210384
0.040383
-0.308192
SV-No.139
-0.000000
-0.000000
-0.000000
-0.000000
0.000000
5.000000
0.000000
0.000000
0.000000
0.000000
0.089930
0.165091
-0.116410
-0.277222
-0.438100
-0.243124
0.529932
-0.038436
0.092403
-0.458388
SV-No.140
-0.000000
-0.000000
-0.346116
-0.787196
1.784809
0.000000
0.000000
0.000000
0.000000
0.605204
0.275410
0.290485
0.152821
-0.400556
-0.609904
-0.291812
0.114286
0.501686
-0.557153
-0.109233
SV-No.141
-0.630569
-0.566890
-0.000000
-0.000000
0.000000
0.000000
0.000000
0.452568
0.518352
0.000000
0.240281
0.292691
0.130256
-0.421667
-0.730167
-0.213405
0.127891
0.501011
-0.543463
-0.139142
SV-No.142
-0.000000
-0.000000
-0.000000
-0.000000
0.000000
2.583605
0.000000
0.000000
0.000000
0.000000
0.222482
0.263075
0.110256
-0.358889
-0.769075
-0.326589
0.182993
0.552933
-0.492129
-0.207412
SV-No.143
-0.000000
-0.000000
-0.000000
-0.000000
0.000000
5.000000
0.000000
0.000000
0.000000
0.000000
0.204215
0.253308
0.098462
-0.345000
-0.758464
-0.430920
0.232653
0.513823
-0.341547
-0.278934
SV-No.144
-0.000000
-0.000000
-0.000000
-0.000000
0.000000
0.000000
1.139557
0.000000
0.000000
0.000000
0.195785
0.264335
0.079487
-0.389444
-0.753916
-0.420171
0.233333
0.467970
-0.262149
-0.263979
SV-No.145
-0.000000
-0.000000
-0.000000
-0.000000
1.395512
0.000000
0.000000
0.000000
0.000000
0.000000
0.123185
0.134531
-0.363590
-0.319444
-0.306721
-0.160923
0.863265
-0.504383
-0.353867
0.127438
SV-No.146
-0.911957
-0.000000
-0.000000
-0.000000
0.000000
0.000000
0.000000
0.000000
0.000000
0.000000
-0.167681
0.113422
-0.270769
-0.285000
-0.326933
-0.241859
1.000000
-0.469993
-0.152635
0.102081
SV-No.147
-0.000000
-0.000000
-0.000000
-0.000000
0.000000
2.188194
1.251433
1.257107
1.181193
0.000000
-0.352225
0.147133
-0.153333
-0.407778
-0.160687
-0.398040
0.842857
-0.246123
-0.084189
0.168401
SV-No.148
-0.000000
-0.000000
-1.217760
-0.000000
0.000000
0.000000
0.000000
0.000000
0.000000
0.000000
-0.362529
0.119723
-0.265641
-0.403333
-0.008085
-0.212140
0.666667
-0.391773
-0.127310
0.261378
SV-No.149
-0.326300
-1.231469
-0.000000
-2.214982
3.617095
0.979720
0.857240
0.766965
0.962226
1.255806
-0.244028
0.077505
-0.489744
-0.296111
-0.075291
0.043946
0.637415
-0.458530
-0.218344
0.358908
SV-No.150
-0.000000
-0.000000
-0.000000
-0.000000
-5.000000
0.000000
0.000000
0.000000
0.000000
0.000000
0.104918
0.004411
-0.111795
0.241111
-0.727640
0.069238
0.193197
-0.293999
0.266940
-0.144993
SV-No.151
-0.463323
-0.634042
-0.000000
-0.000000
-5.000000
0.000000
0.000000
1.236303
1.360736
1.507129
0.117096
0.032451
-0.103077
0.227778
-0.768570
0.122352
0.212245
-0.301416
0.279261
-0.205462
SV-No.152
-0.000000
-0.000000
-0.000000
-0.000000
-1.883423
2.345263
1.023953
0.000000
0.000000
0.000000
0.088525
0.072779
-0.150256
0.161667
-0.711976
0.045843
0.350340
-0.385705
0.245722
-0.169051
SV-No.153
-0.000000
-0.000000
-0.000000
-0.000000
-2.336315
0.000000
0.000000
0.000000
0.000000
0.000000
0.028571
0.104600
-0.185641
0.101667
-0.597777
-0.126146
0.460544
-0.432906
0.127995
-0.009103
SV-No.154
-0.000000
-0.000000
-0.000000
-0.000000
-2.625038
1.441904
0.000000
0.000000
0.000000
0.000000
0.005152
0.148708
-0.238462
0.058333
-0.579586
0.072400
0.268027
-0.400539
0.149897
-0.008453
SV-No.155
-1.079637
-0.000000
-1.145918
-2.542170
-0.000000
0.000000
0.000000
0.000000
0.000000
0.000000
0.353630
-0.188091
0.439487
-0.264444
-0.065690
-0.470756
-0.018367
-0.318948
0.687201
0.106632
SV-No.156
-0.000000
-0.593622
-0.000000
-0.000000
-0.565789
0.000000
0.374166
0.000000
0.959681
0.000000
0.297424
-0.152804
0.473333
-0.403333
-0.019707
-0.521340
0.045578
-0.246123
0.646133
0.075423
SV-No.157
-0.000000
-0.000000
-0.000000
-0.000000
-0.000000
0.000000
0.000000
1.065667
0.000000
0.000000
0.244496
-0.246692
0.490769
-0.229444
-0.251137
-0.458742
0.144218
-0.348618
0.555784
0.139792
SV-No.158
-0.000000
-0.000000
-0.000000
-0.000000
-0.000000
0.000000
0.000000
0.000000
0.000000
2.139656
0.323653
-0.207624
0.414872
-0.239444
-0.274886
-0.370218
0.004082
-0.255563
0.613279
0.149545
SV-No.159
-0.000000
-0.000000
-0.000000
-1.209609
-0.162849
1.307098
0.000000
0.000000
0.000000
1.870464
0.274941
-0.040013
0.183077
-0.301667
-0.103588
-0.387291
-0.080952
0.011463
0.643395
-0.092978
SV-No.160
-0.000000
-0.000000
-0.000000
-0.000000
-5.000000
0.852721
0.830881
0.000000
0.000000
0.000000
0.445433
0.016383
0.062564
0.592778
-0.422941
-0.142586
-0.188435
0.714093
-0.149213
0.186606
SV-No.161
-0.000000
-0.000000
-0.000000
-0.000000
-5.000000
0.000000
0.000000
0.000000
0.000000
0.000000
0.483841
0.015753
0.052308
0.527778
-0.455280
-0.118558
-0.115646
0.706001
-0.089665
0.291287
SV-No.162
-0.000000
-0.000000
-0.000000
-0.000000
-0.000000
1.478056
0.000000
1.511285
0.637951
0.000000
0.555035
-0.039067
0.009744
0.594444
-0.455786
-0.112868
-0.163265
0.648685
-0.059548
0.303641
SV-No.163
-1.007114
-0.000000
-0.000000
-5.000000
-0.000000
0.000000
0.000000
0.000000
0.000000
0.468756
0.586417
-0.068683
-0.067692
0.606667
-0.448711
-0.021815
-0.123810
0.676332
-0.083504
0.237971
SV-No.164
-0.000000
-1.096833
-1.507064
-5.000000
-0.000000
0.000000
0.000000
0.000000
0.000000
1.218746
0.595785
-0.108381
-0.136410
0.553889
-0.424962
0.003478
0.025850
0.521241
-0.052019
0.285436
SV-No.165
-0.000000
-0.000000
-0.000000
-0.000000
-5.000000
2.343073
1.215495
0.000000
0.000000
0.000000
0.302108
-0.008507
0.382051
-0.148889
-0.245579
-0.358837
0.072789
0.284558
0.409309
-0.273082
SV-No.166
-0.000000
-0.000000
-0.000000
-0.000000
-4.910505
0.000000
0.000000
0.000000
0.000000
0.000000
0.328337
-0.081285
0.433333
-0.075556
-0.339565
-0.329118
-0.017007
0.461227
0.355236
-0.249025
SV-No.167
-0.000000
-0.000000
-0.000000
-0.000000
-0.000000
0.537326
0.000000
0.000000
0.000000
0.000000
0.356909
-0.127914
0.426154
-0.081111
-0.313795
-0.439772
-0.000680
0.424140
0.527036
-0.279584
SV-No.168
-0.000000
-0.658268
-0.000000
-0.000000
-0.000000
0.000000
0.000000
1.152345
0.324852
5.000000
0.343326
-0.350347
0.466667
0.056111
-0.262254
-0.294973
-0.117687
0.429535
0.507187
-0.081274
SV-No.169
-0.391285
-0.000000
-0.000000
-0.000000
-2.183766
0.833639
0.628405
0.390592
0.396017
1.076258
0.271194
-0.092312
-0.043077
-0.465000
-0.039414
-0.567499
0.834694
-0.045853
-0.449692
0.414174
SV-No.170
-0.000000
-0.000000
-0.417544
-0.000000
-3.423023
0.000000
0.000000
0.000000
0.000000
0.000000
0.295550
-0.125079
-0.071795
-0.472778
0.004043
-0.472653
0.735374
-0.086986
-0.305955
0.206112
SV-No.171
-0.000000
-0.000000
-0.000000
-2.075075
-0.000000
0.000000
0.000000
0.000000
0.000000
0.000000
0.244028
-0.150914
-0.134872
-0.346667
0.035371
-0.317104
0.570068
-0.203641
-0.379877
0.199610
SV-No.172
-0.000000
-0.000000
-0.000000
-0.000000
-0.000000
0.000000
0.000000
0.000000
0.000000
5.000000
0.109602
-0.175488
-0.090256
-0.215556
0.138454
-0.211508
0.411565
-0.180040
-0.577002
0.152146
SV-No.173
-0.000000
-1.919545
-1.731424
-0.000000
-0.000000
0.000000
0.000000
0.000000
0.000000
5.000000
0.034192
-0.232199
0.044615
-0.035000
0.123800
-0.108441
0.336054
-0.139582
-0.680356
0.053316
SV-No.174
-1.278178
-0.000000
-0.000000
-1.881677
-0.000000
0.000000
0.000000
0.000000
0.000000
0.000000
-0.082904
-0.275677
0.128718
0.178889
0.056594
-0.130572
0.369388
-0.206339
-0.542779
0.022107
SV-No.175
-0.000000
-0.000000
-0.000000
-2.983102
-2.684838
0.000000
0.000000
0.000000
0.000000
0.000000
0.183138
0.022369
-0.164103
-0.198889
-0.247600
-0.165349
0.142857
-0.020904
-0.045175
-0.130689
SV-No.176
-0.000000
-0.000000
-1.447046
-5.000000
-2.953728
0.000000
0.000000
0.000000
0.000000
1.971063
0.264637
-0.122558
-0.009231
-0.091667
-0.296614
-0.072400
0.041497
0.222522
0.009582
-0.330949
SV-No.177
-0.000000
-0.000000
-0.000000
-1.341619
-0.000000
0.000000
0.000000
0.000000
0.000000
5.000000
0.196721
-0.200693
0.005128
0.040556
-0.234462
-0.049004
-0.063265
0.449764
-0.180698
-0.295189
SV-No.178
-1.087178
-0.714482
-1.475517
-0.000000
-0.000000
0.990201
0.000000
2.058178
1.489849
5.000000
0.079625
-0.251418
0.023590
0.102222
-0.120263
0.016124
-0.045578
0.530681
-0.265572
-0.300390
SV-No.179
-0.000000
-0.000000
-0.000000
-0.000000
-3.772748
1.577492
0.963041
0.809778
0.415314
3.755164
0.347073
0.313800
0.124103
-0.450556
-0.251137
-0.249447
0.127211
0.173297
-0.666667
0.163849
SV-No.180
-0.000000
-0.000000
-0.000000
-0.000000
-0.000000
0.000000
0.000000
0.000000
0.000000
2.165464
0.162529
0.064272
0.016410
-0.140556
-0.194543
-0.183686
0.146259
-0.402562
-0.620808
0.498700
SV-No.181
-0.000000
-0.000000
-1.401519
-3.824787
-0.000000
0.000000
0.000000
0.000000
0.000000
4.057080
0.044028
0.031821
-0.193846
-0.112778
0.092471
-0.176099
-0.042857
-0.592717
-0.364134
0.524057
SV-No.182
-0.000000
-0.000000
-0.000000
-4.444833
-0.955262
0.796445
0.000000
0.788768
0.000000
0.000000
-0.322717
0.022054
-0.214359
-0.048333
-0.296614
-0.212140
0.304082
-0.029670
-0.262834
0.572172
SV-No.183
-0.000000
-0.000000
-0.000000
-3.102253
-0.000000
0.000000
0.000000
0.000000
0.000000
0.000000
-0.348478
-0.061437
-0.304103
0.032778
-0.163214
-0.050901
0.248299
-0.246123
-0.219713
0.643693
SV-No.184
-0.918116
-1.184297
-1.374691
-1.544487
-1.395512
0.650859
1.208476
1.441947
1.630325
2.200279
-0.489930
-0.051985
-0.411795
0.124444
0.089944
-0.248182
0.280272
-0.198247
-0.265572
0.734720
SV-No.185
-0.622110
-0.000000
-0.000000
-0.000000
-0.000000
-0.000000
0.000000
1.418419
0.000000
1.264934
-0.190164
0.196597
0.053333
0.365000
-0.933300
0.098957
0.264626
0.175320
0.362081
-0.145644
SV-No.186
-0.000000
-0.000000
-0.000000
-0.000000
-0.000000
-0.000000
4.456711
0.000000
0.000000
0.000000
-0.237002
0.149338
0.091795
0.428333
-0.912077
-0.078723
0.276190
0.111261
0.388090
-0.076073
SV-No.187
-0.000000
-0.000000
-0.622274
-0.000000
-0.000000
-0.000000
1.806759
1.293781
0.000000
0.000000
-0.261827
0.110271
0.073333
0.345000
-0.780697
-0.397408
0.497959
0.061362
0.338809
0.090377
SV-No.188
-0.000000
-0.000000
-0.000000
-0.000000
-0.000000
-0.000000
0.000000
2.898320
1.339468
0.000000
-0.226230
0.071204
0.047180
0.367778
-0.817079
-0.250711
0.417007
0.088335
0.407255
0.015605
SV-No.189
-0.000000
-0.795330
-0.000000
-1.241176
-3.210904
-2.919960
0.000000
0.000000
0.723134
0.000000
-0.185948
0.087587
-0.145128
0.175000
-0.789288
0.021182
0.332653
0.108564
0.395619
-0.081274
SV-No.190
-0.335030
-0.436218
-0.000000
-1.209405
-1.187797
-0.352767
1.493414
0.000000
0.343105
0.000000
-0.030445
0.445495
-0.235385
-0.436111
-0.021223
-0.668669
0.138776
0.297370
0.478439
-0.068270
SV-No.191
-0.000000
-0.000000
-0.456677
-0.000000
-0.000000
-0.000000
0.000000
0.000000
0.000000
0.000000
-0.032787
0.370510
-0.074872
-0.235000
-0.275392
-0.509327
-0.136054
0.192852
0.776181
-0.136541
SV-No.192
-0.000000
-0.000000
-0.000000
-0.000000
-2.223663
-0.000000
0.000000
0.000000
0.000000
0.000000
0.010304
0.379332
0.012308
-0.264444
-0.406266
-0.282327
-0.137415
0.181389
0.714579
-0.107932
SV-No.193
-0.000000
-0.000000
-0.000000
-0.000000
-0.000000
-2.343073
0.000000
1.801750
0.000000
1.171437
-0.007494
0.350977
0.117949
-0.226111
-0.408287
-0.348087
-0.108844
0.119353
0.759754
0.032510
SV-No.194
-0.000000
-0.000000
-0.000000
-0.000000
-0.000000
-0.000000
0.000000
0.000000
0.851007
0.000000
0.005152
0.390359
0.038974
-0.340000
-0.308742
-0.499842
0.091837
0.056642
0.787817
-0.122887
SV-No.195
-0.000000
-0.000000
-0.000000
-0.000000
-4.406777
-0.000000
0.469171
0.000000
0.000000
0.000000
0.219672
0.159420
0.230256
0.663889
-0.671551
-0.367689
-0.312925
0.917734
0.126626
0.431730
SV-No.196
-0.000000
-0.000000
-0.000000
-0.000000
-4.169400
-0.000000
0.000000
0.000000
0.000000
0.000000
0.198595
0.080655
0.248205
0.723889
-0.560889
-0.432185
-0.369388
0.813891
0.195072
0.483745
SV-No.197
-0.000000
-0.000000
-0.000000
-1.047641
-0.000000
-0.000000
0.422616
0.000000
0.000000
1.104780
0.185948
-0.053245
0.229231
0.895556
-0.435068
-0.447360
-0.513605
0.702630
0.191650
0.560468
SV-No.198
-0.000000
-0.000000
-0.000000
-0.000000
-0.000000
-0.000000
1.240826
1.010221
0.000000
0.000000
0.211710
-0.077820
0.195385
0.906667
-0.456796
-0.417009
-0.465986
0.776129
0.238193
0.553966
SV-No.199
-0.000000
-0.000000
-0.000000
-0.000000
-0.000000
-0.000000
0.000000
0.000000
0.818064
0.000000
0.235129
-0.027095
0.189744
0.797222
-0.509348
-0.395511
-0.368707
0.912340
0.179329
0.579974
SV-No.200
-0.718183
-0.645774
-0.860448
-0.000000
-5.000000
-2.027481
0.000000
1.917702
0.000000
0.000000
0.294614
0.004411
0.168718
0.694444
-0.510864
-0.405628
-0.321088
0.937289
0.143737
0.603381
SV-No.201
-0.000000
-0.000000
-0.000000
-0.000000
-0.000000
-0.000000
1.762182
0.626962
0.000000
0.000000
-0.054801
0.039698
0.701026
0.234444
-0.534108
-0.448625
-0.600680
0.401888
0.819302
0.228869
SV-No.202
-1.467352
-0.000000
-0.000000
-0.000000
-0.000000
-0.000000
2.129122
0.000000
0.000000
0.000000
-0.048244
-0.174543
0.782051
0.516111
-0.355735
-0.476446
-0.793878
0.105866
0.802190
0.593628
SV-No.203
-0.000000
-1.186491
-0.477826
-0.377686
-0.000000
-0.000000
1.277748
0.000000
1.188908
0.583388
0.066979
-0.372716
0.700513
0.620556
-0.186458
-0.427758
-0.745578
-0.113958
0.696783
0.785436
SV-No.204
-0.000000
-0.000000
-1.214161
-0.000000
-0.809991
-0.833639
0.000000
1.592558
0.000000
0.000000
0.113349
-0.392565
0.651282
0.579444
-0.287014
-0.489093
-0.526531
0.033041
0.733744
0.667750
SV-No.205
-0.925466
-0.909099
-0.606854
-0.000000
-0.000000
-0.000000
0.000000
0.000000
0.000000
0.000000
-0.214052
0.132010
0.831795
-0.080000
-0.457302
-0.742649
0.027891
0.751854
-0.062286
-0.343953
SV-No.206
-0.000000
-0.000000
-0.000000
-0.000000
-0.000000
-0.000000
0.000000
0.000000
0.942629
0.000000
-0.154567
0.158475
0.801026
-0.157222
-0.481051
-0.671198
0.112925
0.910991
-0.104038
-0.343953
SV-No.207
-0.000000
-0.000000
-0.000000
-0.000000
-0.000000
-0.000000
0.000000
1.348978
0.000000
0.000000
-0.170023
0.255514
0.822564
-0.201111
-0.491157
-0.605438
0.087755
0.842886
-0.137577
-0.180754
SV-No.208
-0.000000
-0.000000
-0.000000
-0.000000
-0.000000
-0.000000
3.776977
0.000000
0.000000
0.000000
-0.239344
0.386894
0.729231
-0.321667
-0.513391
-0.607335
0.080272
0.778152
-0.334702
-0.072172
SV-No.209
-0.000000
-0.000000
-0.000000
-0.000000
-0.000000
-0.000000
1.948434
0.786069
0.000000
0.000000
-0.283841
0.558286
0.296410
-0.499444
-0.382516
-0.453683
0.380272
0.312879
-0.390144
-0.114434
SV-No.210
-0.000000
-0.000000
-0.000000
-0.000000
-2.709526
-0.000000
0.000000
0.000000
0.000000
0.000000
-0.146604
0.271582
-0.088718
-0.231667
-0.249116
-0.400569
0.572789
0.170600
0.028747
-0.544213
SV-No.211
-0.000000
-0.000000
-1.435333
-0.000000
-0.000000
-0.000000
1.291160
0.000000
0.000000
0.000000
-0.022482
0.262445
-0.164103
-0.402778
-0.082870
-0.100221
0.623129
0.192178
-0.015058
-0.492198
SV-No.212
-0.000000
-0.575047
-0.000000
-0.000000
-5.000000
-0.000000
0.000000
0.000000
0.000000
0.000000
-0.079625
0.282294
-0.169231
-0.331111
-0.084891
0.039519
0.606122
-0.086311
0.023272
-0.394668
SV-No.213
-1.047738
-0.000000
-0.000000
-0.918741
-0.623124
-2.345263
0.000000
2.952346
1.256428
2.694987
-0.180796
0.235665
0.046154
-0.217222
-0.135422
0.013595
0.432653
-0.176669
0.049281
-0.426528
SV-No.214
-0.000000
-0.000000
-0.000000
-0.374529
-3.128007
-1.307098
0.000000
0.000000
0.000000
0.972060
0.169087
0.133900
0.634872
-0.084444
-0.645781
-0.609232
-0.170068
0.894134
-0.006845
-0.364759
SV-No.215
-0.000000
-0.000000
-0.000000
-0.000000
-5.000000
-0.000000
0.000000
0.000000
0.000000
0.000000
0.023888
0.255514
0.200000
-0.236111
-0.602324
-0.440405
0.293197
0.612947
-0.594114
-0.331599
SV-No.216
-0.000000
-0.000000
-0.000000
-0.347805
-3.382476
-1.577492
0.000000
0.000000
0.000000
0.000000
-0.010304
0.196912
0.113333
-0.396111
-0.471956
-0.291179
0.348299
0.443021
-0.546886
-0.367360
SV-No.217
-1.014086
-0.000000
-0.000000
-0.000000
-0.000000
-0.000000
0.000000
0.000000
0.000000
0.000000
-0.379859
0.400756
-0.103590
-0.600556
-0.202122
-0.262725
0.432653
0.532704
-0.997262
0.276333
SV-No.218
-0.000000
-1.034038
-0.789017
-0.000000
-0.000000
-0.000000
1.780112
4.888645
0.809664
0.977947
-0.408899
0.343415
-0.054359
-0.765000
-0.013643
0.014227
0.214966
0.413351
-0.908282
0.201560
SV-No.219
-0.000000
-0.000000
-0.000000
-1.378604
-0.000000
-1.447305
0.762467
0.695722
1.770734
0.924373
-0.463232
0.307498
-0.163590
-0.340000
-0.194543
-0.324692
0.627211
0.298719
-0.889802
0.269181
SV-No.220
-0.527108
-0.000000
-0.000000
-0.492060
-0.856505
-0.963041
-0.881799
2.475697
0.000000
0.946859
-0.405152
0.127599
0.338974
0.766667
-0.842345
-0.096427
-0.250340
0.540796
0.497604
-0.103381
SV-No.221
-0.000000
-0.000000
-0.856342
-0.000000
-0.000000
-0.000000
-2.835909
2.743204
1.064563
0.000000
-0.467447
0.120038
0.353333
0.647222
-0.740273
-0.501107
0.196599
0.041807
0.634497
0.173602
SV-No.222
-0.000000
-0.000000
-0.000000
-0.000000
-0.000000
-0.000000
-0.000000
0.000000
0.831732
0.000000
-0.530211
0.172338
0.300513
0.522222
-0.980293
-0.101486
0.011565
0.424815
0.518823
-0.104031
SV-No.223
-0.000000
-0.000000
-0.000000
-0.000000
-0.000000
-0.000000
-2.255701
0.000000
0.000000
0.000000
-0.544262
0.169187
0.293846
0.426111
-1.000000
-0.121088
0.127211
0.426837
0.490760
-0.098179
SV-No.224
-0.000000
-0.617522
-0.000000
-0.639380
-0.566797
-1.023953
-1.319211
4.637961
0.000000
0.908248
-0.405152
0.457782
0.524615
-0.498333
-0.491157
-0.407525
0.247619
0.351315
0.050650
0.513654
SV-No.225
-0.000000
-0.000000
-0.000000
-0.000000
-0.000000
-0.000000
-1.932502
0.000000
0.000000
0.000000
-0.357845
0.581285
0.337436
-0.581667
-0.463871
-0.263358
0.544898
0.461902
-0.097878
0.364109
SV-No.226
-0.000000
-0.000000
-0.872041
-0.000000
-0.000000
-0.000000
-0.000000
0.000000
0.000000
0.000000
-0.425761
0.540013
0.574872
-0.450556
-0.483578
-0.581410
0.282313
0.468645
-0.008898
0.514954
SV-No.227
-0.776395
-0.000000
-0.000000
-0.000000
-0.000000
-0.000000
-0.000000
0.000000
1.425490
0.000000
-0.415457
0.642092
0.514359
-0.530556
-0.451743
-0.511856
0.209524
0.470668
0.082135
0.611183
SV-No.228
-0.000000
-0.538937
-0.395834
-0.000000
-0.530641
-0.000000
-0.492915
0.000000
0.000000
0.000000
-0.345199
0.568683
0.194872
0.650000
-0.684689
-0.702814
-0.349660
0.824005
0.302533
0.027958
SV-No.229
-0.000000
-0.000000
-0.000000
-0.000000
-0.961007
-0.000000
-1.240826
0.000000
0.000000
0.000000
-0.229508
-0.124764
0.757436
0.798889
-0.543709
-0.358837
-0.943537
0.492245
0.629021
0.780884
SV-No.230
-0.000000
-0.000000
-0.000000
-0.855418
-0.000000
-0.000000
-0.000000
0.000000
0.000000
0.000000
-0.229040
-0.169187
0.766667
0.880556
-0.565942
-0.413848
-0.881633
0.357384
0.609172
0.836801
SV-No.231
-1.467102
-1.132133
-0.000000
-0.000000
-0.000000
-0.000000
-2.184798
1.125501
0.000000
0.000000
-0.231382
-0.168242
0.772821
0.870000
-0.562911
-0.470123
-0.821769
0.266352
0.620123
0.737971
SV-No.232
-0.000000
-0.000000
-0.859775
-0.000000
-0.000000
-0.830881
-0.000000
0.000000
0.937867
0.852134
-0.234192
-0.171078
0.743077
0.826111
-0.514401
-0.446728
-1.000000
0.315577
0.681040
0.799090
SV-No.233
-0.000000
-0.000000
-0.000000
-0.000000
-0.000000
-0.000000
-1.253049
0.000000
0.000000
0.000000
-0.212646
-0.199118
0.738462
0.831111
-0.571501
-0.466329
-0.934694
0.314902
0.701574
0.769831
SV-No.234
-0.000000
-0.000000
-0.000000
-0.000000
-0.000000
-0.374166
-3.776977
0.000000
0.000000
0.000000
-0.382670
0.563957
0.315897
-0.301111
-0.477514
-0.798925
0.180272
0.939312
-0.071869
-0.017555
SV-No.235
-0.000000
-0.000000
-0.000000
-0.000000
-1.139557
-0.000000
-0.000000
0.000000
0.000000
0.000000
-0.413115
0.637051
0.352308
-0.364444
-0.532087
-0.628833
0.182993
0.656102
0.070500
0.066970
SV-No.236
-0.000000
-0.000000
-0.000000
-0.806916
-0.461311
-1.208476
-0.000000
0.398498
1.473243
0.700996
-0.546604
0.458097
0.062564
0.281667
-0.444164
-0.649067
0.437415
0.195550
0.490075
0.037061
SV-No.237
-1.054651
-0.000000
-0.000000
-0.000000
-0.000000
-0.000000
-0.000000
0.000000
0.000000
0.000000
-0.539578
0.381537
0.080513
0.427222
-0.525518
-0.700285
0.396599
0.213756
0.561944
0.044213
SV-No.238
-0.000000
-0.805515
-0.000000
-0.000000
-0.790121
-0.000000
-1.962585
1.927523
1.083767
0.389169
-0.468384
0.452426
-0.077436
0.158889
-0.669025
-0.179893
0.509524
0.360081
0.594798
-0.173602
SV-No.239
-0.393413
-0.426823
-0.506598
-0.390396
-0.000000
-0.628405
-1.124671
0.000000
0.428227
0.421699
-0.531148
0.437618
0.221026
-0.910000
-0.270339
-0.130572
0.439456
0.432906
0.080082
-0.404421
SV-No.240
-0.000000
-0.000000
-0.000000
-0.000000
-0.000000
-0.000000
-0.000000
0.475875
0.000000
0.000000
-0.592506
0.508507
0.043077
-0.798889
-0.162203
-0.148909
0.465986
0.412003
-0.169062
-0.412874
SV-No.241
-0.607069
-0.000000
-0.000000
-0.455616
-0.000000
-0.000000
-1.716282
1.514365
0.000000
0.346241
-0.627166
0.578765
-0.397949
-0.670000
0.159677
-0.098324
0.708844
0.155091
-0.460643
-0.394018
SV-No.242
-0.000000
-0.000000
-0.000000
-0.000000
-1.386426
-0.000000
-0.000000
0.000000
1.080439
0.000000
-0.621546
0.536232
-0.209231
-0.736111
0.095503
-0.212773
0.727891
0.188806
-0.222450
-0.311443
SV-No.243
-0.000000
-0.340797
-0.000000
-0.000000
-0.000000
-0.000000
-0.000000
0.942268
0.000000
0.000000
-0.607494
0.864209
-0.130769
-0.957222
-0.027286
-0.093898
0.176190
0.635873
-0.670089
-0.089727
SV-No.244
-0.484882
-0.000000
-0.000000
-0.000000
-0.000000
-0.000000
-1.287197
1.076704
0.000000
0.000000
-0.654801
0.840895
-0.272821
-1.000000
0.144012
0.191906
0.093878
0.463250
-0.823409
-0.016255
SV-No.245
-0.510158
-0.936576
-0.000000
-0.000000
-0.622223
-1.215495
-0.353277
2.162297
0.680403
0.848318
-0.653396
0.806868
-0.692308
-0.661111
0.438100
0.121720
0.208163
0.102495
-0.605065
0.053316
SV-No.246
-0.000000
-0.000000
-1.025633
-0.624356
-0.000000
-0.000000
-0.000000
0.000000
0.000000
0.000000
-0.652459
0.771267
-0.616923
-0.709444
0.300657
0.086943
0.300000
0.260958
-0.517454
0.034460
SV-No.247
-0.000000
-0.000000
-0.000000
-0.000000
-0.000000
-0.000000
-0.000000
0.000000
1.922045
0.013795
-0.673068
0.745117
-0.482051
-0.822778
0.183426
0.052798
0.278231
0.339177
-0.307324
0.055917
SV-No.248
-0.000000
-0.538084
-0.000000
-0.419401
-1.405944
-0.439751
-1.333652
-0.000000
2.539363
0.974970
-0.331148
0.023314
-0.340000
0.119444
-0.253663
0.479608
-0.045578
0.227916
0.372348
-0.284785
SV-No.249
-0.000000
-0.000000
-0.000000
-0.000000
-0.000000
-0.000000
-0.000000
-0.000000
0.938777
0.872871
-0.218735
-0.160365
-0.350256
0.171111
-0.313795
0.527031
-0.212245
0.652731
0.227926
-0.023407
SV-No.250
-0.828230
-3.074899
-1.126315
-1.598264
-0.396234
-0.859877
-0.000000
-0.000000
0.000000
1.071644
-0.220141
-0.202268
-0.353846
0.240000
-0.279939
0.625040
-0.224490
0.770735
-0.085558
0.100780
SV-No.251
-0.000000
-0.000000
-0.000000
-0.000000
-0.000000
-0.000000
-0.000000
-0.000000
3.788164
0.000000
-0.508197
0.326717
0.355897
-0.030556
-0.414351
-0.066077
0.105442
0.031693
0.490760
0.627438
SV-No.252
-0.000000
-0.000000
-0.000000
-0.638277
-0.000000
-0.000000
-0.000000
-0.797853
1.646916
1.299365
-0.557845
0.349716
0.363590
-0.201667
-0.343103
-0.134998
0.112925
0.091706
0.336756
0.544863
SV-No.253
-0.000000
-0.510390
-0.931180
-0.000000
-0.000000
-0.684816
-0.000000
-2.608521
0.000000
0.000000
-0.584075
0.300252
0.472821
-0.101111
-0.479030
-0.198862
0.126531
0.052596
0.193703
0.517555
SV-No.254
-0.686771
-0.000000
-0.000000
-0.000000
-0.000000
-0.000000
-0.000000
-0.000000
0.000000
0.000000
-0.541452
0.357593
0.494872
0.058889
-0.619505
-0.124249
0.136054
0.028321
0.192334
0.408973
SV-No.255
-0.000000
-0.000000
-0.000000
-0.000000
-0.000000
-0.000000
-3.690698
-2.403399
0.000000
0.000000
-0.507728
0.450221
0.416410
0.001667
-0.575543
-0.033196
0.374150
-0.046527
0.299795
0.191808
SV-No.256
-0.000000
-0.000000
-0.000000
-0.000000
-1.589811
-0.712101
-0.786069
-0.000000
2.398365
0.000000
-0.496487
0.529931
0.066667
-0.238333
-0.272360
0.180525
0.379592
-0.022252
0.312799
0.110533
SV-No.257
-0.000000
-0.000000
-0.000000
-1.296583
-1.392893
-1.389880
-2.721716
-1.143264
0.000000
0.000000
0.012178
-0.094518
-0.076410
0.640000
-0.505811
-0.498577
0.247619
0.362104
0.513347
0.390117
SV-No.258
-0.602293
-0.904182
-1.455896
-0.375257
-1.127932
-0.344079
-1.389983
-0.000000
0.545463
0.793586
-0.118970
-0.116887
-0.007692
0.906667
-0.352198
-0.461271
0.078912
0.217127
0.375086
0.343303
SV-No.259
-0.000000
-0.000000
-0.000000
-0.000000
-0.000000
-0.000000
-0.000000
-1.599941
0.000000
0.000000
-0.188290
-0.062067
-0.010256
1.000000
-0.452249
-0.257034
0.042857
0.267701
0.412047
0.096229
SV-No.260
-0.323481
-0.000000
-0.000000
-0.000000
-0.000000
-0.349017
-1.508674
-1.139425
0.000000
0.000000
-0.221546
0.001575
0.014359
0.873333
-0.531582
0.064180
-0.061225
0.439649
0.531828
-0.288687
SV-No.261
-0.000000
-0.000000
-0.000000
-0.000000
-0.000000
-0.000000
-0.000000
-0.772596
1.331212
0.000000
-0.219672
0.008192
0.012820
0.745000
-0.485599
0.164717
0.059864
0.424815
0.604381
-0.323147
SV-No.262
-0.000000
-0.000000
-0.000000
-0.000000
-0.438576
-0.000000
-0.000000
-0.000000
0.000000
3.474355
-0.163466
-0.055450
-0.051795
0.656667
-0.451238
0.289915
-0.038775
0.720162
0.479124
-0.237321
SV-No.263
-0.000000
-0.000000
-0.000000
-0.000000
-1.673371
-0.808266
-1.348978
-0.927500
0.000000
0.794862
-0.104450
-0.053560
0.371282
-0.150000
-0.557352
0.031932
-0.203401
0.607552
0.441478
0.375813
SV-No.264
-0.459799
-0.000000
-0.310484
-0.000000
-0.000000
-0.000000
-1.592558
-0.656992
0.885835
0.000000
-0.043560
-0.270636
0.536410
0.167778
-0.524002
-0.045843
-0.193878
0.463250
0.401095
0.748375
SV-No.265
-0.000000
-0.646543
-0.000000
-1.038757
-0.665049
-1.236303
-0.000000
-0.000000
1.517585
1.682708
-0.079625
-0.374291
0.475385
0.238333
-0.608388
0.207714
0.179592
0.449764
0.065708
0.407672
SV-No.266
-0.663659
-0.000000
-0.000000
-0.000000
-0.000000
-0.000000
-0.000000
-0.000000
0.000000
0.000000
-0.469789
0.240391
0.250769
-0.392222
0.193027
0.073032
0.273469
0.165206
-0.269678
-0.511053
SV-No.267
-0.000000
-0.000000
-0.000000
-0.000000
-0.000000
-0.817346
-2.159969
-0.000000
0.000000
0.000000
-0.464637
0.209830
0.240513
-0.301667
0.138454
-0.124881
0.353741
0.260958
-0.267625
-0.490247
SV-No.268
-0.000000
-0.000000
-0.000000
-0.000000
-0.000000
-0.000000
-0.000000
-0.000000
2.640224
0.000000
-0.493208
0.247637
0.433333
-0.286667
0.133906
-0.222890
0.180952
0.079568
-0.223135
-0.498700
SV-No.269
-0.000000
-0.000000
-0.288577
-0.724089
-1.130004
-0.000000
-0.000000
-0.000000
2.279524
1.216494
-0.468852
0.202268
0.295385
-0.171667
0.184942
-0.222890
0.265986
0.140931
-0.346338
-0.534460
SV-No.270
-0.662305
-0.516812
-0.779010
-0.000000
-0.000000
-0.390592
-0.527719
-1.076704
0.934033
1.337414
-0.311475
0.252048
-0.541538
0.217222
-0.075796
0.399937
0.170748
0.855024
0.012320
-0.750975
SV-No.271
-1.040737
-0.000000
-0.000000
-0.000000
-0.000000
-0.651408
-0.000000
-0.000000
4.715364
2.369223
-0.360656
-0.149338
-0.035897
0.579444
0.038403
0.243124
-0.318367
0.653405
0.019849
-0.157997
SV-No.272
-0.512905
-0.680415
-0.561207
-0.543659
-0.452568
-0.653693
-1.774109
-0.425012
0.000000
0.301695
-0.425293
0.122873
0.222564
-0.610000
0.224861
-0.270945
0.628571
0.817937
-0.753593
-0.101430
SV-No.273
-0.000000
-0.000000
-0.000000
-0.000000
-0.000000
-0.000000
-0.000000
-1.336272
1.427058
0.000000
-0.453864
0.092312
0.377949
-0.631111
0.183426
-0.226684
0.470748
0.867835
-0.722108
-0.083225
SV-No.274
-0.000000
-0.000000
-0.000000
-0.000000
-0.000000
-0.000000
-2.030631
-0.000000
0.000000
0.000000
-0.465574
0.111531
0.131795
-0.618333
0.426478
-0.039519
0.210884
0.336480
-0.888433
0.215865
SV-No.275
-0.304933
-0.993931
-1.211403
-0.954965
-0.000000
-1.117734
-0.000000
-0.000000
0.879659
4.102088
-0.526464
0.094833
0.116410
-0.435000
0.563921
-0.028770
-0.177551
-0.041133
-0.509240
0.189857
SV-No.276
-0.000000
-0.000000
-0.000000
-0.000000
-0.000000
-0.000000
-0.000000
-0.398498
0.000000
0.000000
-0.651991
0.699748
0.060000
-0.882222
0.245579
-0.092001
-0.029252
0.083614
-0.750171
0.084525
SV-No.277
-0.000000
-0.000000
-0.000000
-0.000000
-0.895883
-0.000000
-0.000000
-1.467583
0.000000
0.000000
-0.655269
0.681790
-0.200000
-0.593889
0.377463
-0.190009
0.197959
-0.058665
-0.810404
-0.032510
SV-No.278
-0.000000
-0.000000
-0.000000
-0.000000
-0.000000
-0.000000
-0.000000
-2.726336
0.000000
0.000000
-0.704450
0.698173
-0.110769
-0.688889
0.335523
-0.156497
0.125170
-0.006069
-0.755647
0.014954
SV-No.279
-0.000000
-0.000000
-0.000000
-0.000000
-0.000000
-0.000000
-2.366716
-0.000000
0.576421
0.000000
-0.742389
0.735665
0.020513
-0.784444
0.223850
-0.182422
0.032653
0.104518
-0.823409
0.132640
SV-No.280
-0.700610
-0.304012
-0.000000
-0.000000
-0.000000
-0.000000
-0.000000
-0.000000
1.976897
0.000000
-0.737705
0.739130
-0.146667
-0.678889
0.411319
-0.126146
-0.158503
-0.064734
-0.815195
0.212614
SV-No.281
-0.000000
-0.000000
-0.000000
-0.000000
-0.000000
-0.000000
-0.000000
-0.000000
-0.383320
0.680950
-0.267916
-0.027725
-0.431282
0.659444
0.107630
0.525767
-0.271429
0.345246
0.145106
-0.451235
SV-No.282
-2.875914
-0.000000
-0.000000
-0.000000
-0.000000
-0.000000
-0.000000
-0.000000
-5.000000
2.217968
-0.279625
-0.028040
-0.445128
0.683333
0.097019
0.522605
-0.262585
0.374241
0.058864
-0.384265
SV-No.283
-0.000000
-2.356866
-1.290912
-0.000000
-0.000000
-0.000000
-0.000000
-0.000000
-0.000000
0.000000
-0.311007
-0.021424
-0.434359
0.664444
0.099545
0.566867
-0.305442
0.348618
-0.011636
-0.247074
SV-No.284
-0.000000
-0.000000
-0.000000
-1.147774
-1.726925
-1.360736
-0.000000
-0.000000
-0.000000
0.000000
-0.286183
-0.036547
-0.541538
0.673333
0.136938
0.429023
-0.107483
0.169252
0.245038
-0.371912
SV-No.285
-0.000000
-0.000000
-0.000000
-0.000000
-0.000000
-0.000000
-0.818064
-0.000000
-0.000000
0.000000
-0.284778
-0.039698
-0.610769
0.677778
0.125316
0.409421
-0.085714
0.245448
0.271732
-0.505202
SV-No.286
-0.000000
-0.000000
-0.000000
-0.000000
-0.000000
-0.000000
-0.000000
-0.637927
-0.000000
0.000000
-0.371429
-0.012602
-0.568718
0.678333
0.097019
0.496680
-0.289796
0.453136
0.031485
-0.558518
SV-No.287
-0.000000
-0.000000
-0.000000
-1.238066
-0.000000
-0.996188
-0.000000
-0.000000
-0.000000
0.731380
-0.676347
0.104285
0.230256
0.067778
-0.192016
0.316472
0.180272
0.035064
0.214237
0.592328
SV-No.288
-0.290831
-0.000000
-0.000000
-0.000000
-0.000000
-0.000000
-0.000000
-0.000000
-0.000000
0.000000
-0.749415
0.200693
0.313846
0.188333
-0.396665
0.472653
0.078912
-0.076871
0.277892
0.271782
SV-No.289
-0.000000
-0.000000
-0.136992
-0.000000
-0.000000
-0.000000
-0.000000
-0.000000
-4.864025
0.000000
-0.844965
0.366730
0.306154
0.023889
-0.215766
0.095795
0.215646
-0.070802
0.167693
0.381664
SV-No.290
-0.000000
-0.000000
-0.000000
-0.000000
-0.754070
-0.000000
-1.256428
-1.728936
-0.885835
0.000000
-0.874941
0.448960
0.283077
-0.173333
-0.224861
0.190642
0.274830
0.071477
-0.206023
0.333550
SV-No.291
-0.000000
-0.000000
-0.000000
-0.000000
-0.374118
-0.760848
-1.574141
-0.000000
-1.517585
0.000000
-0.419672
0.119408
-0.042564
0.312778
-0.475998
-0.016756
0.533333
0.074174
1.000000
0.203511
SV-No.292
-0.000000
-0.000000
-0.000000
-0.000000
-0.000000
-0.000000
-0.000000
-2.338807
-1.121884
0.000000
-0.512412
0.104600
0.075897
0.455556
-0.436079
-0.110971
0.414966
0.018881
0.929500
0.120936
SV-No.293
-0.000000
-0.000000
-0.000000
-0.000000
-0.000000
-0.000000
-0.536305
-0.000000
-0.000000
0.343338
-0.588759
0.169502
0.163077
0.545000
-0.309752
-0.277901
0.449660
-0.142953
0.859001
0.215865
SV-No.294
-1.251898
-0.598527
-0.918404
-0.000000
-0.000000
-0.000000
-0.000000
-0.000000
-0.000000
0.000000
-0.613583
0.116887
0.194872
0.636111
-0.235472
-0.325956
0.433333
-0.207013
0.839151
0.350455
SV-No.295
-0.000000
-0.000000
-0.000000
-0.424678
-0.518352
-0.000000
-0.000000
-0.428227
-0.000000
0.000000
-0.608899
0.099559
0.137436
0.516111
-0.258717
-0.370850
0.534694
-0.122724
0.828200
0.399220
SV-No.296
-0.831664
-1.606354
-0.741697
-0.881595
-1.255150
-1.033968
-1.188908
-0.634420
-3.203609
1.331734
-0.245902
-0.364839
0.153333
-0.032778
-0.208691
0.334809
0.036054
0.440998
0.485969
0.520806
SV-No.297
-0.000000
-0.000000
-0.000000
-0.000000
-0.000000
-0.000000
-0.000000
-0.000000
-0.809304
0.954973
-0.325995
-0.313800
0.175385
-0.041111
-0.164224
0.356940
0.016327
0.477411
0.470910
0.419376
SV-No.298
-0.000000
-0.000000
-0.000000
-0.000000
-0.000000
-0.000000
-0.000000
-0.000000
-2.638396
0.000000
-0.676815
-0.148078
0.358462
0.105000
-0.102577
0.375277
-0.130612
0.418071
0.399042
0.026008
SV-No.299
-0.000000
-0.762882
-0.389207
-0.431932
-0.807075
-0.000000
-0.000000
-0.000000
-1.331212
1.286365
-0.507728
0.287965
0.561026
0.118333
0.369884
-0.169776
-0.139456
0.400539
-0.579740
-0.415475
SV-No.300
-0.000000
-0.000000
-0.000000
-0.000000
-0.000000
-1.144316
-0.803162
-0.000000
-0.000000
0.000000
-0.520843
0.232199
0.532821
0.089444
0.446185
-0.221625
0.027891
0.413351
-0.494182
-0.501300
SV-No.301
-1.040972
-0.000000
-0.000000
-0.000000
-0.000000
-0.000000
-0.000000
-0.000000
-2.640224
0.000000
-0.579859
0.132955
0.572821
-0.062222
0.429510
-0.134998
-0.000680
0.420769
-0.523614
-0.628739
SV-No.302
-0.000000
-0.000000
-0.000000
-0.000000
-0.000000
-0.000000
-0.000000
-0.449171
-0.370932
0.000000
-0.687588
0.361059
0.802564
-0.226111
0.300657
0.087575
-0.018367
0.468645
-0.210130
-0.622237
SV-No.303
-0.000000
-0.000000
-0.000000
-0.000000
-0.000000
-0.000000
-0.000000
-0.000000
-0.651118
0.000000
-0.757845
0.418715
-0.315897
0.172778
0.303183
-0.282959
0.354422
-0.127444
-0.076660
-0.817295
SV-No.304
-0.000000
-0.000000
-0.000000
-0.000000
-0.528526
-0.000000
-0.000000
-0.000000
-0.000000
0.000000
-0.764403
0.431317
-0.299487
0.172222
0.295604
-0.360101
0.421088
-0.125421
-0.010951
-0.872562
SV-No.305
-0.000000
-0.500471
-0.625944
-0.000000
-0.000000
-0.324852
-0.942629
-0.000000
-0.000000
0.448920
-0.781265
0.467864
-0.178974
0.100000
0.193532
-0.355675
0.288435
-0.101146
0.242984
-1.000000
SV-No.306
-0.000000
-0.000000
-0.000000
-0.578159
-0.000000
-0.000000
-0.000000
-0.000000
-0.000000
0.000000
-0.801874
0.545684
-0.088718
-0.050556
0.259727
-0.547898
0.319728
-0.138908
0.188912
-0.765930
SV-No.307
-0.000000
-0.000000
-0.000000
-0.000000
-0.000000
-0.000000
-0.000000
-1.473243
-1.628406
0.000000
-0.824356
0.620983
-0.075385
-0.116111
0.251137
-0.582675
0.261224
-0.088335
0.087611
-0.642393
SV-No.308
-0.636397
-0.000000
-0.000000
-0.000000
-0.000000
-0.000000
-0.000000
-0.000000
-0.000000
0.000000
-0.847307
0.651229
-0.210769
-0.010000
0.203638
-0.547898
0.338095
-0.136885
0.116359
-0.894668
SV-No.309
-0.000000
-0.653790
-0.975826
-0.000000
-0.000000
-0.000000
-0.000000
-0.000000
-0.000000
0.534850
-0.884309
0.277253
0.518462
-0.191111
0.285498
-0.678786
0.272789
0.191504
-0.758385
-0.051365
SV-No.310
-0.000000
-0.000000
-0.000000
-0.000000
-0.000000
-0.000000
-0.000000
-0.000000
-1.427058
0.000000
-0.910539
0.205104
0.563590
-0.292778
0.343103
-0.511856
0.299320
0.297370
-0.859001
-0.081274
SV-No.311
-0.575366
-0.000000
-0.000000
-0.388044
-0.000000
-0.276646
-0.809664
-0.634596
-0.000000
0.000000
-0.933489
0.068998
0.698974
-0.369444
0.365841
-0.379703
0.255102
0.546864
-0.862423
-0.106632
SV-No.312
-0.000000
-0.000000
-0.000000
-0.000000
-0.628740
-0.634137
-0.940537
-0.000000
-0.000000
0.000000
-0.855269
0.816005
-0.013846
-0.515000
-0.008085
-0.659817
0.618367
-0.234659
-0.516085
0.325098
SV-No.313
-0.000000
-0.000000
-0.000000
-0.000000
-0.000000
-0.000000
-0.830197
-0.000000
-0.000000
0.000000
-0.876347
0.862319
0.047692
-0.746667
0.014654
-0.628833
0.449660
0.053945
-0.431896
0.264629
SV-No.314
-0.664811
-0.497836
-0.322274
-0.551490
-0.000000
-0.000000
-0.000000
-1.922045
-1.976897
0.414221
-0.906323
0.969124
-0.169744
-0.892222
0.160687
-0.482770
0.414966
-0.024275
-0.471595
0.552016
SV-No.315
-0.387312
-0.535337
-0.629942
-0.283784
-0.612779
-0.683035
-0.000000
-0.000000
-0.000000
0.000000
-0.919906
1.000000
-0.607179
-0.363889
0.215766
-0.360101
0.047619
-0.538773
-0.017112
0.366710
SV-No.316
-0.000000
-0.000000
-0.000000
-0.000000
-0.000000
-0.000000
-0.343105
-0.680403
-0.571055
0.996916
-0.917096
0.974480
-0.562051
-0.375556
0.275897
-0.356940
-0.097959
-0.470668
-0.089665
0.289987
SV-No.317
-0.000000
-0.000000
-0.000000
-0.000000
-4.825222
-0.000000
-0.000000
-0.000000
-0.651603
-2.217968
0.020609
-0.050725
-0.309744
0.192222
-0.346640
0.404995
-0.345578
0.329737
0.091718
-0.442783
SV-No.318
-0.450090
-0.000000
-0.689862
-0.000000
-0.000000
-0.000000
-0.000000
-0.000000
-0.000000
-0.000000
0.180796
-0.078135
-0.371282
0.157222
-0.412329
0.444831
-0.357823
0.549562
-0.103354
-0.259428
SV-No.319
-0.000000
-1.352951
-1.342596
-3.168558
-0.000000
-2.533572
-0.000000
-0.000000
-0.000000
-0.000000
0.224824
-0.107120
-0.365128
0.147222
-0.478525
0.345558
-0.328571
0.550236
0.001369
-0.267230
SV-No.320
-0.813574
-0.000000
-0.000000
-0.417366
-0.000000
-0.000000
-0.000000
-0.000000
-0.000000
-0.343338
0.021546
-0.225268
0.436410
-0.284444
-0.223850
0.138792
0.285714
-0.220499
-0.047228
0.141092
SV-No.321
-0.000000
-0.000000
-0.000000
-0.000000
-1.766484
-4.711570
-0.000000
-0.481241
-0.466991
-0.000000
0.072131
-0.120983
0.274359
-0.413333
-0.159677
0.277268
0.306122
-0.246123
-0.132786
0.070871
SV-No.322
-0.000000
-0.954562
-0.579060
-0.000000
-1.743134
-0.000000
-2.208631
-0.000000
-0.000000
-0.000000
0.061358
-0.055450
0.115385
-0.350000
-0.151086
0.388555
0.055102
-0.196898
0.118412
-0.274382
SV-No.323
-0.000000
-0.000000
-0.000000
-0.000000
-0.000000
-0.000000
-0.000000
-0.000000
-0.564891
-0.000000
-0.002810
-0.084121
0.214872
-0.298889
-0.169783
0.272210
-0.012925
-0.176669
0.162902
-0.274382
SV-No.324
-0.000000
-0.000000
-0.000000
-2.591446
-0.650702
-1.834584
-0.000000
-0.000000
-0.000000
-0.000000
0.008431
-0.069943
0.095385
-0.358889
0.093987
-0.033829
-0.072109
0.024275
0.242300
-0.293238
SV-No.325
-0.000000
-0.850138
-0.000000
-0.000000
-0.000000
-0.000000
-0.000000
-0.000000
-4.844710
-1.331734
0.045433
-0.033081
-0.170769
0.575556
-0.395149
0.365160
-0.098640
0.739042
0.011636
-0.230169
SV-No.326
-0.000000
-0.000000
-0.000000
-0.000000
-0.643435
-0.000000
-1.166901
-0.946859
-2.383881
-0.000000
0.097892
-0.160365
-0.143590
0.668889
-0.371400
0.251344
-0.244898
0.653405
0.220397
-0.204161
SV-No.327
-1.098551
-0.000000
-0.000000
-0.557090
-0.000000
-0.000000
-0.000000
-0.000000
-0.000000
-0.000000
0.174239
-0.193762
-0.190256
0.655000
-0.349672
0.188745
-0.225850
0.513149
0.340178
-0.359558
SV-No.328
-0.000000
-0.569372
-1.292862
-2.386825
-0.000000
-5.000000
-0.000000
-0.000000
-0.000000
-0.000000
0.298361
-0.350032
0.317436
-0.082778
-0.275392
-0.095163
-0.194558
0.345246
0.386721
0.156047
SV-No.329
-0.000000
-0.000000
-0.000000
-0.000000
-0.000000
-4.114954
-0.000000
-0.000000
-0.000000
-0.000000
0.300703
-0.324512
0.340513
-0.092778
-0.335018
-0.050269
-0.112925
0.347269
0.383299
0.180754
SV-No.330
-0.000000
-0.000000
-0.000000
-0.000000
-1.985827
-0.000000
-1.564224
-0.908248
-0.872871
-0.000000
0.277752
-0.343415
0.370256
-0.059444
-0.388580
-0.009801
-0.029932
0.285233
0.359343
0.211964
SV-No.331
-0.000000
-0.000000
-0.000000
-0.000000
-0.000000
-0.000000
-0.000000
-0.000000
-1.618032
-1.686353
0.127400
-0.276938
0.405641
-0.033333
-0.255685
0.068606
-0.012245
0.329063
0.281314
0.072172
SV-No.332
-0.000000
-0.000000
-2.056551
-0.000000
-0.000000
-0.000000
-0.000000
-0.346241
-0.737073
-0.000000
0.077752
-0.309389
0.204615
-0.429444
0.132895
-0.288018
0.329932
0.382333
-0.510609
-0.030559
SV-No.333
-0.000000
-0.000000
-0.000000
-0.000000
-0.000000
-3.653855
-0.583388
-0.000000
-0.000000
-0.000000
0.046838
-0.273157
0.161538
-0.272222
0.115715
-0.438508
0.371429
0.220499
-0.652293
0.011053
SV-No.334
-0.000000
-0.973979
-0.000000
-2.562191
-0.991140
-3.161495
-0.000000
-0.000000
-0.000000
-0.414221
0.170960
-0.292691
0.263590
-0.187778
0.125821
-0.564970
0.305442
0.192852
-0.614648
-0.074122
SV-No.335
-1.471368
-0.430697
-0.000000
-0.000000
-0.000000
-0.000000
-0.000000
-0.000000
-1.484725
-0.534850
0.029977
-0.085696
-0.152308
0.324444
-0.076301
0.114132
0.163946
0.435604
-0.059548
-0.651495
SV-No.336
-0.000000
-0.000000
-0.000000
-0.000000
-0.000000
-1.157797
-0.000000
-0.000000
-0.000000
-0.000000
0.035597
-0.118463
-0.168718
0.346667
-0.127337
0.073032
0.163946
0.504383
-0.043806
-0.564369
SV-No.337
-0.000000
-0.000000
-0.000000
-0.000000
-0.000000
-5.000000
-0.000000
-0.000000
-0.000000
-0.000000
0.014051
-0.137996
-0.146667
0.302222
-0.147549
0.065444
0.103401
0.455158
-0.017796
-0.527958
SV-No.338
-0.000000
-0.000000
-0.862059
-1.426687
-1.494348
-1.785030
-1.458416
-0.700996
-0.000000
-0.000000
0.044965
-0.192187
-0.156410
0.313333
-0.173320
-0.109706
0.227211
0.338503
0.161533
-0.622887
SV-No.339
-0.000000
-0.000000
-0.000000
-0.000000
-0.000000
-0.000000
-0.000000
-0.000000
-1.167847
-0.680950
0.192506
-0.084121
0.078461
-0.278889
0.074280
-0.323427
0.068027
0.194201
-0.962355
0.234720
SV-No.340
-1.095376
-0.000000
-0.000000
-0.000000
-0.000000
-0.000000
-1.476516
-0.852134
-0.000000
-0.000000
0.123653
0.017013
-0.063590
-0.156667
0.069227
-0.401834
0.172789
-0.063385
-0.948665
0.477243
SV-No.341
-0.000000
-0.000000
-0.000000
-0.000000
-0.000000
-1.398096
-0.000000
-0.000000
-0.000000
-0.000000
0.068384
0.035917
-0.083590
-0.102778
0.030318
-0.374644
0.142177
-0.149022
-0.879535
0.492198
SV-No.342
-0.000000
-0.471464
-1.095646
-3.665314
-1.873737
-5.000000
-0.000000
-0.000000
-0.000000
-0.000000
0.079157
0.028986
-0.188205
-0.103333
0.080344
-0.252608
0.024490
-0.227916
-0.759754
0.408973
SV-No.343
-0.000000
-0.000000
-0.000000
-0.000000
-0.000000
-5.000000
-0.000000
-0.000000
-0.000000
-0.000000
0.151756
-0.038437
-0.092821
-0.185556
0.070238
-0.217199
0.127891
-0.094403
-0.878166
0.275033
SV-No.344
-0.000000
-0.000000
-0.000000
-0.000000
-0.000000
-0.000000
-0.000000
-0.389169
-1.754921
-0.000000
-0.491335
0.126024
0.189744
-0.367222
0.126832
-0.269048
-0.272109
-0.299393
-0.180014
0.653446
SV-No.345
-0.000000
-1.132381
-0.000000
-1.280778
-0.000000
-0.000000
-0.363683
-0.000000
-0.000000
-0.000000
-0.513817
0.125709
0.122564
-0.289444
0.136433
-0.269681
-0.218367
-0.349292
-0.224504
0.736021
SV-No.346
-0.000000
-0.000000
-2.026202
-0.000000
-0.561462
-3.079103
-0.000000
-0.000000
-0.000000
-1.445837
-0.503513
0.053245
-0.034872
-0.155556
0.281961
-0.247550
-0.147619
-0.385030
-0.242984
0.571521
SV-No.347
-0.000000
-0.333913
-0.000000
-1.068015
-0.000000
-0.000000
-0.000000
-0.000000
-1.546563
-0.000000
-0.486651
-0.013863
-0.103077
-0.143889
0.407276
-0.263358
-0.125850
-0.211059
-0.258727
0.388817
SV-No.348
-0.000000
-0.000000
-0.000000
-0.000000
-0.000000
-0.000000
-0.000000
-0.802571
-0.000000
-0.000000
-0.511944
-0.031821
-0.043077
-0.203333
0.431531
-0.242491
-0.187755
-0.161160
-0.127995
0.235371
SV-No.349
-1.106355
-0.000000
-0.000000
-0.000000
-0.000000
-0.000000
-0.872147
-0.000000
-2.197168
-1.286365
-0.555035
-0.022999
0.028205
-0.325000
0.444164
-0.247550
-0.279592
-0.094403
0.027378
0.301040
